C /1/ HEADING CARD (80A1)
C NASLOV
    Untitled                              
C /2/ FORMAT FOR INPUT DATA (free format)
C INDFOR
    2
C /3/ BASIC DATA FOR THE PROBLEM (7I5)
C NP,NGET,NMATM,NSTAC,NPER,NPRINT,INDF,IPENAL
       441    0    1    0    1    1    1    1    0    0    0              
C /4/ BASIC DATA FOR THE PROBLEM (4I5,2F10.0,2I5)
C INTEB,INDSC,IFORM,MAXIT,EPSTA,EPSTR,NJRAP,MBAND
    1    0    0   10 0.00e+00 8.000e-001    1    0    0    0    0
C /5/ DATA FOR RESTART (I5)
C IREST
    1
C /6/ DATA FOR TIME STEPS
C NDT(I),TIME(I)
    1    0.5
C /7/ DATA FOR NODAL POINT DATA (I5,5I5,3F10.6)
C   N,    (ID(N,I),I=1,5)     CORD(1,N), CORD(2,N), CORD(3,N)
         1    1    1    1    0    0     0.000000     0.000000     0.000000
         2    1    0    1    0    0     0.000000     0.095238     0.000000
         3    1    0    1    0    0     0.000000     0.391534     0.000000
         4    1    0    1    0    0     0.000000     0.888889     0.000000
         5    1    0    1    0    0     0.000000     1.587302     0.000000
         6    1    0    1    0    0     0.000000     2.486772     0.000000
         7    1    0    1    0    0     0.000000     3.587302     0.000000
         8    1    0    1    0    0     0.000000     4.888889     0.000000
         9    1    0    1    0    0     0.000000     6.391534     0.000000
        10    1    0    1    0    0     0.000000     8.095238     0.000000
        11    1    0    1    0    0     0.000000    10.000000     0.000000
        12    1    0    1    0    0     0.000000    11.904762     0.000000
        13    1    0    1    0    0     0.000000    13.608466     0.000000
        14    1    0    1    0    0     0.000000    15.111111     0.000000
        15    1    0    1    0    0     0.000000    16.412698     0.000000
        16    1    0    1    0    0     0.000000    17.513228     0.000000
        17    1    0    1    0    0     0.000000    18.412698     0.000000
        18    1    0    1    0    0     0.000000    19.111111     0.000000
        19    1    0    1    0    0     0.000000    19.608466     0.000000
        20    1    0    1    0    0     0.000000    19.904762     0.000000
        21    1    1    1    0    0     0.000000    20.000000     0.000000
        22    1    1    1    0    0     5.000000     0.000000     0.000000
        23    0    0    1    0    0     5.000000     0.095238     0.000000
        24    0    0    1    0    0     5.000000     0.391534     0.000000
        25    0    0    1    0    0     5.000000     0.888889     0.000000
        26    0    0    1    0    0     5.000000     1.587302     0.000000
        27    0    0    1    0    0     5.000000     2.486772     0.000000
        28    0    0    1    0    0     5.000000     3.587302     0.000000
        29    0    0    1    0    0     5.000000     4.888889     0.000000
        30    0    0    1    0    0     5.000000     6.391534     0.000000
        31    0    0    1    0    0     5.000000     8.095238     0.000000
        32    0    0    1    0    0     5.000000    10.000000     0.000000
        33    0    0    1    0    0     5.000000    11.904762     0.000000
        34    0    0    1    0    0     5.000000    13.608466     0.000000
        35    0    0    1    0    0     5.000000    15.111111     0.000000
        36    0    0    1    0    0     5.000000    16.412698     0.000000
        37    0    0    1    0    0     5.000000    17.513228     0.000000
        38    0    0    1    0    0     5.000000    18.412698     0.000000
        39    0    0    1    0    0     5.000000    19.111111     0.000000
        40    0    0    1    0    0     5.000000    19.608466     0.000000
        41    0    0    1    0    0     5.000000    19.904762     0.000000
        42    1    1    1    0    0     5.000000    20.000000     0.000000
        43    1    1    1    0    0    10.000000     0.000000     0.000000
        44    0    0    1    0    0    10.000000     0.095238     0.000000
        45    0    0    1    0    0    10.000000     0.391534     0.000000
        46    0    0    1    0    0    10.000000     0.888889     0.000000
        47    0    0    1    0    0    10.000000     1.587302     0.000000
        48    0    0    1    0    0    10.000000     2.486772     0.000000
        49    0    0    1    0    0    10.000000     3.587302     0.000000
        50    0    0    1    0    0    10.000000     4.888889     0.000000
        51    0    0    1    0    0    10.000000     6.391534     0.000000
        52    0    0    1    0    0    10.000000     8.095238     0.000000
        53    0    0    1    0    0    10.000000    10.000000     0.000000
        54    0    0    1    0    0    10.000000    11.904762     0.000000
        55    0    0    1    0    0    10.000000    13.608466     0.000000
        56    0    0    1    0    0    10.000000    15.111111     0.000000
        57    0    0    1    0    0    10.000000    16.412698     0.000000
        58    0    0    1    0    0    10.000000    17.513228     0.000000
        59    0    0    1    0    0    10.000000    18.412698     0.000000
        60    0    0    1    0    0    10.000000    19.111111     0.000000
        61    0    0    1    0    0    10.000000    19.608466     0.000000
        62    0    0    1    0    0    10.000000    19.904762     0.000000
        63    1    1    1    0    0    10.000000    20.000000     0.000000
        64    1    1    1    0    0    15.000000     0.000000     0.000000
        65    0    0    1    0    0    15.000000     0.095238     0.000000
        66    0    0    1    0    0    15.000000     0.391534     0.000000
        67    0    0    1    0    0    15.000000     0.888889     0.000000
        68    0    0    1    0    0    15.000000     1.587302     0.000000
        69    0    0    1    0    0    15.000000     2.486772     0.000000
        70    0    0    1    0    0    15.000000     3.587302     0.000000
        71    0    0    1    0    0    15.000000     4.888889     0.000000
        72    0    0    1    0    0    15.000000     6.391534     0.000000
        73    0    0    1    0    0    15.000000     8.095238     0.000000
        74    0    0    1    0    0    15.000000    10.000000     0.000000
        75    0    0    1    0    0    15.000000    11.904762     0.000000
        76    0    0    1    0    0    15.000000    13.608466     0.000000
        77    0    0    1    0    0    15.000000    15.111111     0.000000
        78    0    0    1    0    0    15.000000    16.412698     0.000000
        79    0    0    1    0    0    15.000000    17.513228     0.000000
        80    0    0    1    0    0    15.000000    18.412698     0.000000
        81    0    0    1    0    0    15.000000    19.111111     0.000000
        82    0    0    1    0    0    15.000000    19.608466     0.000000
        83    0    0    1    0    0    15.000000    19.904762     0.000000
        84    1    1    1    0    0    15.000000    20.000000     0.000000
        85    1    1    1    0    0    20.000000     0.000000     0.000000
        86    0    0    1    0    0    20.000000     0.095238     0.000000
        87    0    0    1    0    0    20.000000     0.391534     0.000000
        88    0    0    1    0    0    20.000000     0.888889     0.000000
        89    0    0    1    0    0    20.000000     1.587302     0.000000
        90    0    0    1    0    0    20.000000     2.486772     0.000000
        91    0    0    1    0    0    20.000000     3.587302     0.000000
        92    0    0    1    0    0    20.000000     4.888889     0.000000
        93    0    0    1    0    0    20.000000     6.391534     0.000000
        94    0    0    1    0    0    20.000000     8.095238     0.000000
        95    0    0    1    0    0    20.000000    10.000000     0.000000
        96    0    0    1    0    0    20.000000    11.904762     0.000000
        97    0    0    1    0    0    20.000000    13.608466     0.000000
        98    0    0    1    0    0    20.000000    15.111111     0.000000
        99    0    0    1    0    0    20.000000    16.412698     0.000000
       100    0    0    1    0    0    20.000000    17.513228     0.000000
       101    0    0    1    0    0    20.000000    18.412698     0.000000
       102    0    0    1    0    0    20.000000    19.111111     0.000000
       103    0    0    1    0    0    20.000000    19.608466     0.000000
       104    0    0    1    0    0    20.000000    19.904762     0.000000
       105    1    1    1    0    0    20.000000    20.000000     0.000000
       106    1    1    1    0    0    25.000000     0.000000     0.000000
       107    0    0    1    0    0    25.000000     0.095238     0.000000
       108    0    0    1    0    0    25.000000     0.391534     0.000000
       109    0    0    1    0    0    25.000000     0.888889     0.000000
       110    0    0    1    0    0    25.000000     1.587302     0.000000
       111    0    0    1    0    0    25.000000     2.486772     0.000000
       112    0    0    1    0    0    25.000000     3.587302     0.000000
       113    0    0    1    0    0    25.000000     4.888889     0.000000
       114    0    0    1    0    0    25.000000     6.391534     0.000000
       115    0    0    1    0    0    25.000000     8.095238     0.000000
       116    0    0    1    0    0    25.000000    10.000000     0.000000
       117    0    0    1    0    0    25.000000    11.904762     0.000000
       118    0    0    1    0    0    25.000000    13.608466     0.000000
       119    0    0    1    0    0    25.000000    15.111111     0.000000
       120    0    0    1    0    0    25.000000    16.412698     0.000000
       121    0    0    1    0    0    25.000000    17.513228     0.000000
       122    0    0    1    0    0    25.000000    18.412698     0.000000
       123    0    0    1    0    0    25.000000    19.111111     0.000000
       124    0    0    1    0    0    25.000000    19.608466     0.000000
       125    0    0    1    0    0    25.000000    19.904762     0.000000
       126    1    1    1    0    0    25.000000    20.000000     0.000000
       127    1    1    1    0    0    30.000000     0.000000     0.000000
       128    0    0    1    0    0    30.000000     0.095238     0.000000
       129    0    0    1    0    0    30.000000     0.391534     0.000000
       130    0    0    1    0    0    30.000000     0.888889     0.000000
       131    0    0    1    0    0    30.000000     1.587302     0.000000
       132    0    0    1    0    0    30.000000     2.486772     0.000000
       133    0    0    1    0    0    30.000000     3.587302     0.000000
       134    0    0    1    0    0    30.000000     4.888889     0.000000
       135    0    0    1    0    0    30.000000     6.391534     0.000000
       136    0    0    1    0    0    30.000000     8.095238     0.000000
       137    0    0    1    0    0    30.000000    10.000000     0.000000
       138    0    0    1    0    0    30.000000    11.904762     0.000000
       139    0    0    1    0    0    30.000000    13.608466     0.000000
       140    0    0    1    0    0    30.000000    15.111111     0.000000
       141    0    0    1    0    0    30.000000    16.412698     0.000000
       142    0    0    1    0    0    30.000000    17.513228     0.000000
       143    0    0    1    0    0    30.000000    18.412698     0.000000
       144    0    0    1    0    0    30.000000    19.111111     0.000000
       145    0    0    1    0    0    30.000000    19.608466     0.000000
       146    0    0    1    0    0    30.000000    19.904762     0.000000
       147    1    1    1    0    0    30.000000    20.000000     0.000000
       148    1    1    1    0    0    35.000000     0.000000     0.000000
       149    0    0    1    0    0    35.000000     0.095238     0.000000
       150    0    0    1    0    0    35.000000     0.391534     0.000000
       151    0    0    1    0    0    35.000000     0.888889     0.000000
       152    0    0    1    0    0    35.000000     1.587302     0.000000
       153    0    0    1    0    0    35.000000     2.486772     0.000000
       154    0    0    1    0    0    35.000000     3.587302     0.000000
       155    0    0    1    0    0    35.000000     4.888889     0.000000
       156    0    0    1    0    0    35.000000     6.391534     0.000000
       157    0    0    1    0    0    35.000000     8.095238     0.000000
       158    0    0    1    0    0    35.000000    10.000000     0.000000
       159    0    0    1    0    0    35.000000    11.904762     0.000000
       160    0    0    1    0    0    35.000000    13.608466     0.000000
       161    0    0    1    0    0    35.000000    15.111111     0.000000
       162    0    0    1    0    0    35.000000    16.412698     0.000000
       163    0    0    1    0    0    35.000000    17.513228     0.000000
       164    0    0    1    0    0    35.000000    18.412698     0.000000
       165    0    0    1    0    0    35.000000    19.111111     0.000000
       166    0    0    1    0    0    35.000000    19.608466     0.000000
       167    0    0    1    0    0    35.000000    19.904762     0.000000
       168    1    1    1    0    0    35.000000    20.000000     0.000000
       169    1    1    1    0    0    40.000000     0.000000     0.000000
       170    0    0    1    0    0    40.000000     0.095238     0.000000
       171    0    0    1    0    0    40.000000     0.391534     0.000000
       172    0    0    1    0    0    40.000000     0.888889     0.000000
       173    0    0    1    0    0    40.000000     1.587302     0.000000
       174    0    0    1    0    0    40.000000     2.486772     0.000000
       175    0    0    1    0    0    40.000000     3.587302     0.000000
       176    0    0    1    0    0    40.000000     4.888889     0.000000
       177    0    0    1    0    0    40.000000     6.391534     0.000000
       178    0    0    1    0    0    40.000000     8.095238     0.000000
       179    0    0    1    0    0    40.000000    10.000000     0.000000
       180    0    0    1    0    0    40.000000    11.904762     0.000000
       181    0    0    1    0    0    40.000000    13.608466     0.000000
       182    0    0    1    0    0    40.000000    15.111111     0.000000
       183    0    0    1    0    0    40.000000    16.412698     0.000000
       184    0    0    1    0    0    40.000000    17.513228     0.000000
       185    0    0    1    0    0    40.000000    18.412698     0.000000
       186    0    0    1    0    0    40.000000    19.111111     0.000000
       187    0    0    1    0    0    40.000000    19.608466     0.000000
       188    0    0    1    0    0    40.000000    19.904762     0.000000
       189    1    1    1    0    0    40.000000    20.000000     0.000000
       190    1    1    1    0    0    45.000000     0.000000     0.000000
       191    0    0    1    0    0    45.000000     0.095238     0.000000
       192    0    0    1    0    0    45.000000     0.391534     0.000000
       193    0    0    1    0    0    45.000000     0.888889     0.000000
       194    0    0    1    0    0    45.000000     1.587302     0.000000
       195    0    0    1    0    0    45.000000     2.486772     0.000000
       196    0    0    1    0    0    45.000000     3.587302     0.000000
       197    0    0    1    0    0    45.000000     4.888889     0.000000
       198    0    0    1    0    0    45.000000     6.391534     0.000000
       199    0    0    1    0    0    45.000000     8.095238     0.000000
       200    0    0    1    0    0    45.000000    10.000000     0.000000
       201    0    0    1    0    0    45.000000    11.904762     0.000000
       202    0    0    1    0    0    45.000000    13.608466     0.000000
       203    0    0    1    0    0    45.000000    15.111111     0.000000
       204    0    0    1    0    0    45.000000    16.412698     0.000000
       205    0    0    1    0    0    45.000000    17.513228     0.000000
       206    0    0    1    0    0    45.000000    18.412698     0.000000
       207    0    0    1    0    0    45.000000    19.111111     0.000000
       208    0    0    1    0    0    45.000000    19.608466     0.000000
       209    1    1    1    0    0    45.000000    19.904762     0.000000
       210    1    1    1    0    0    45.000000    20.000000     0.000000
       211    1    1    1    0    0    50.000000     0.000000     0.000000
       212    0    0    1    0    0    50.000000     0.095238     0.000000
       213    0    0    1    0    0    50.000000     0.391534     0.000000
       214    0    0    1    0    0    50.000000     0.888889     0.000000
       215    0    0    1    0    0    50.000000     1.587302     0.000000
       216    0    0    1    0    0    50.000000     2.486772     0.000000
       217    0    0    1    0    0    50.000000     3.587302     0.000000
       218    0    0    1    0    0    50.000000     4.888889     0.000000
       219    0    0    1    0    0    50.000000     6.391534     0.000000
       220    0    0    1    0    0    50.000000     8.095238     0.000000
       221    0    0    1    0    0    50.000000    10.000000     0.000000
       222    0    0    1    0    0    50.000000    11.904762     0.000000
       223    0    0    1    0    0    50.000000    13.608466     0.000000
       224    0    0    1    0    0    50.000000    15.111111     0.000000
       225    0    0    1    0    0    50.000000    16.412698     0.000000
       226    0    0    1    0    0    50.000000    17.513228     0.000000
       227    0    0    1    0    0    50.000000    18.412698     0.000000
       228    0    0    1    0    0    50.000000    19.111111     0.000000
       229    0    0    1    0    0    50.000000    19.608466     0.000000
       230    0    0    1    0    0    50.000000    19.904762     0.000000
       231    1    1    1    0    0    50.000000    20.000000     0.000000
       232    1    1    1    0    0    55.000000     0.000000     0.000000
       233    0    0    1    0    0    55.000000     0.095238     0.000000
       234    0    0    1    0    0    55.000000     0.391534     0.000000
       235    0    0    1    0    0    55.000000     0.888889     0.000000
       236    0    0    1    0    0    55.000000     1.587302     0.000000
       237    0    0    1    0    0    55.000000     2.486772     0.000000
       238    0    0    1    0    0    55.000000     3.587302     0.000000
       239    0    0    1    0    0    55.000000     4.888889     0.000000
       240    0    0    1    0    0    55.000000     6.391534     0.000000
       241    0    0    1    0    0    55.000000     8.095238     0.000000
       242    0    0    1    0    0    55.000000    10.000000     0.000000
       243    0    0    1    0    0    55.000000    11.904762     0.000000
       244    0    0    1    0    0    55.000000    13.608466     0.000000
       245    0    0    1    0    0    55.000000    15.111111     0.000000
       246    0    0    1    0    0    55.000000    16.412698     0.000000
       247    0    0    1    0    0    55.000000    17.513228     0.000000
       248    0    0    1    0    0    55.000000    18.412698     0.000000
       249    0    0    1    0    0    55.000000    19.111111     0.000000
       250    0    0    1    0    0    55.000000    19.608466     0.000000
       251    0    0    1    0    0    55.000000    19.904762     0.000000
       252    1    1    1    0    0    55.000000    20.000000     0.000000
       253    1    1    1    0    0    60.000000     0.000000     0.000000
       254    0    0    1    0    0    60.000000     0.095238     0.000000
       255    0    0    1    0    0    60.000000     0.391534     0.000000
       256    0    0    1    0    0    60.000000     0.888889     0.000000
       257    0    0    1    0    0    60.000000     1.587302     0.000000
       258    0    0    1    0    0    60.000000     2.486772     0.000000
       259    0    0    1    0    0    60.000000     3.587302     0.000000
       260    0    0    1    0    0    60.000000     4.888889     0.000000
       261    0    0    1    0    0    60.000000     6.391534     0.000000
       262    0    0    1    0    0    60.000000     8.095238     0.000000
       263    0    0    1    0    0    60.000000    10.000000     0.000000
       264    0    0    1    0    0    60.000000    11.904762     0.000000
       265    0    0    1    0    0    60.000000    13.608466     0.000000
       266    0    0    1    0    0    60.000000    15.111111     0.000000
       267    0    0    1    0    0    60.000000    16.412698     0.000000
       268    0    0    1    0    0    60.000000    17.513228     0.000000
       269    0    0    1    0    0    60.000000    18.412698     0.000000
       270    0    0    1    0    0    60.000000    19.111111     0.000000
       271    0    0    1    0    0    60.000000    19.608466     0.000000
       272    0    0    1    0    0    60.000000    19.904762     0.000000
       273    1    1    1    0    0    60.000000    20.000000     0.000000
       274    1    1    1    0    0    65.000000     0.000000     0.000000
       275    0    0    1    0    0    65.000000     0.095238     0.000000
       276    0    0    1    0    0    65.000000     0.391534     0.000000
       277    0    0    1    0    0    65.000000     0.888889     0.000000
       278    0    0    1    0    0    65.000000     1.587302     0.000000
       279    0    0    1    0    0    65.000000     2.486772     0.000000
       280    0    0    1    0    0    65.000000     3.587302     0.000000
       281    0    0    1    0    0    65.000000     4.888889     0.000000
       282    0    0    1    0    0    65.000000     6.391534     0.000000
       283    0    0    1    0    0    65.000000     8.095238     0.000000
       284    0    0    1    0    0    65.000000    10.000000     0.000000
       285    0    0    1    0    0    65.000000    11.904762     0.000000
       286    0    0    1    0    0    65.000000    13.608466     0.000000
       287    0    0    1    0    0    65.000000    15.111111     0.000000
       288    0    0    1    0    0    65.000000    16.412698     0.000000
       289    0    0    1    0    0    65.000000    17.513228     0.000000
       290    0    0    1    0    0    65.000000    18.412698     0.000000
       291    0    0    1    0    0    65.000000    19.111111     0.000000
       292    0    0    1    0    0    65.000000    19.608466     0.000000
       293    0    0    1    0    0    65.000000    19.904762     0.000000
       294    1    1    1    0    0    65.000000    20.000000     0.000000
       295    1    1    1    0    0    70.000000     0.000000     0.000000
       296    0    0    1    0    0    70.000000     0.095238     0.000000
       297    0    0    1    0    0    70.000000     0.391534     0.000000
       298    0    0    1    0    0    70.000000     0.888889     0.000000
       299    0    0    1    0    0    70.000000     1.587302     0.000000
       300    0    0    1    0    0    70.000000     2.486772     0.000000
       301    0    0    1    0    0    70.000000     3.587302     0.000000
       302    0    0    1    0    0    70.000000     4.888889     0.000000
       303    0    0    1    0    0    70.000000     6.391534     0.000000
       304    0    0    1    0    0    70.000000     8.095238     0.000000
       305    0    0    1    0    0    70.000000    10.000000     0.000000
       306    0    0    1    0    0    70.000000    11.904762     0.000000
       307    0    0    1    0    0    70.000000    13.608466     0.000000
       308    0    0    1    0    0    70.000000    15.111111     0.000000
       309    0    0    1    0    0    70.000000    16.412698     0.000000
       310    0    0    1    0    0    70.000000    17.513228     0.000000
       311    0    0    1    0    0    70.000000    18.412698     0.000000
       312    0    0    1    0    0    70.000000    19.111111     0.000000
       313    0    0    1    0    0    70.000000    19.608466     0.000000
       314    0    0    1    0    0    70.000000    19.904762     0.000000
       315    1    1    1    0    0    70.000000    20.000000     0.000000
       316    1    1    1    0    0    75.000000     0.000000     0.000000
       317    0    0    1    0    0    75.000000     0.095238     0.000000
       318    0    0    1    0    0    75.000000     0.391534     0.000000
       319    0    0    1    0    0    75.000000     0.888889     0.000000
       320    0    0    1    0    0    75.000000     1.587302     0.000000
       321    0    0    1    0    0    75.000000     2.486772     0.000000
       322    0    0    1    0    0    75.000000     3.587302     0.000000
       323    0    0    1    0    0    75.000000     4.888889     0.000000
       324    0    0    1    0    0    75.000000     6.391534     0.000000
       325    0    0    1    0    0    75.000000     8.095238     0.000000
       326    0    0    1    0    0    75.000000    10.000000     0.000000
       327    0    0    1    0    0    75.000000    11.904762     0.000000
       328    0    0    1    0    0    75.000000    13.608466     0.000000
       329    0    0    1    0    0    75.000000    15.111111     0.000000
       330    0    0    1    0    0    75.000000    16.412698     0.000000
       331    0    0    1    0    0    75.000000    17.513228     0.000000
       332    0    0    1    0    0    75.000000    18.412698     0.000000
       333    0    0    1    0    0    75.000000    19.111111     0.000000
       334    0    0    1    0    0    75.000000    19.608466     0.000000
       335    0    0    1    0    0    75.000000    19.904762     0.000000
       336    1    1    1    0    0    75.000000    20.000000     0.000000
       337    1    1    1    0    0    80.000000     0.000000     0.000000
       338    0    0    1    0    0    80.000000     0.095238     0.000000
       339    0    0    1    0    0    80.000000     0.391534     0.000000
       340    0    0    1    0    0    80.000000     0.888889     0.000000
       341    0    0    1    0    0    80.000000     1.587302     0.000000
       342    0    0    1    0    0    80.000000     2.486772     0.000000
       343    0    0    1    0    0    80.000000     3.587302     0.000000
       344    0    0    1    0    0    80.000000     4.888889     0.000000
       345    0    0    1    0    0    80.000000     6.391534     0.000000
       346    0    0    1    0    0    80.000000     8.095238     0.000000
       347    0    0    1    0    0    80.000000    10.000000     0.000000
       348    0    0    1    0    0    80.000000    11.904762     0.000000
       349    0    0    1    0    0    80.000000    13.608466     0.000000
       350    0    0    1    0    0    80.000000    15.111111     0.000000
       351    0    0    1    0    0    80.000000    16.412698     0.000000
       352    0    0    1    0    0    80.000000    17.513228     0.000000
       353    0    0    1    0    0    80.000000    18.412698     0.000000
       354    0    0    1    0    0    80.000000    19.111111     0.000000
       355    0    0    1    0    0    80.000000    19.608466     0.000000
       356    0    0    1    0    0    80.000000    19.904762     0.000000
       357    1    1    1    0    0    80.000000    20.000000     0.000000
       358    1    1    1    0    0    85.000000     0.000000     0.000000
       359    0    0    1    0    0    85.000000     0.095238     0.000000
       360    0    0    1    0    0    85.000000     0.391534     0.000000
       361    0    0    1    0    0    85.000000     0.888889     0.000000
       362    0    0    1    0    0    85.000000     1.587302     0.000000
       363    0    0    1    0    0    85.000000     2.486772     0.000000
       364    0    0    1    0    0    85.000000     3.587302     0.000000
       365    0    0    1    0    0    85.000000     4.888889     0.000000
       366    0    0    1    0    0    85.000000     6.391534     0.000000
       367    0    0    1    0    0    85.000000     8.095238     0.000000
       368    0    0    1    0    0    85.000000    10.000000     0.000000
       369    0    0    1    0    0    85.000000    11.904762     0.000000
       370    0    0    1    0    0    85.000000    13.608466     0.000000
       371    0    0    1    0    0    85.000000    15.111111     0.000000
       372    0    0    1    0    0    85.000000    16.412698     0.000000
       373    0    0    1    0    0    85.000000    17.513228     0.000000
       374    0    0    1    0    0    85.000000    18.412698     0.000000
       375    0    0    1    0    0    85.000000    19.111111     0.000000
       376    0    0    1    0    0    85.000000    19.608466     0.000000
       377    0    0    1    0    0    85.000000    19.904762     0.000000
       378    1    1    1    0    0    85.000000    20.000000     0.000000
       379    1    1    1    0    0    90.000000     0.000000     0.000000
       380    0    0    1    0    0    90.000000     0.095238     0.000000
       381    0    0    1    0    0    90.000000     0.391534     0.000000
       382    0    0    1    0    0    90.000000     0.888889     0.000000
       383    0    0    1    0    0    90.000000     1.587302     0.000000
       384    0    0    1    0    0    90.000000     2.486772     0.000000
       385    0    0    1    0    0    90.000000     3.587302     0.000000
       386    0    0    1    0    0    90.000000     4.888889     0.000000
       387    0    0    1    0    0    90.000000     6.391534     0.000000
       388    0    0    1    0    0    90.000000     8.095238     0.000000
       389    0    0    1    0    0    90.000000    10.000000     0.000000
       390    0    0    1    0    0    90.000000    11.904762     0.000000
       391    0    0    1    0    0    90.000000    13.608466     0.000000
       392    0    0    1    0    0    90.000000    15.111111     0.000000
       393    0    0    1    0    0    90.000000    16.412698     0.000000
       394    0    0    1    0    0    90.000000    17.513228     0.000000
       395    0    0    1    0    0    90.000000    18.412698     0.000000
       396    0    0    1    0    0    90.000000    19.111111     0.000000
       397    0    0    1    0    0    90.000000    19.608466     0.000000
       398    0    0    1    0    0    90.000000    19.904762     0.000000
       399    1    1    1    0    0    90.000000    20.000000     0.000000
       400    1    1    1    0    0    95.000000     0.000000     0.000000
       401    0    0    1    0    0    95.000000     0.095238     0.000000
       402    0    0    1    0    0    95.000000     0.391534     0.000000
       403    0    0    1    0    0    95.000000     0.888889     0.000000
       404    0    0    1    0    0    95.000000     1.587302     0.000000
       405    0    0    1    0    0    95.000000     2.486772     0.000000
       406    0    0    1    0    0    95.000000     3.587302     0.000000
       407    0    0    1    0    0    95.000000     4.888889     0.000000
       408    0    0    1    0    0    95.000000     6.391534     0.000000
       409    0    0    1    0    0    95.000000     8.095238     0.000000
       410    0    0    1    0    0    95.000000    10.000000     0.000000
       411    0    0    1    0    0    95.000000    11.904762     0.000000
       412    0    0    1    0    0    95.000000    13.608466     0.000000
       413    0    0    1    0    0    95.000000    15.111111     0.000000
       414    0    0    1    0    0    95.000000    16.412698     0.000000
       415    0    0    1    0    0    95.000000    17.513228     0.000000
       416    0    0    1    0    0    95.000000    18.412698     0.000000
       417    0    0    1    0    0    95.000000    19.111111     0.000000
       418    0    0    1    0    0    95.000000    19.608466     0.000000
       419    0    0    1    0    0    95.000000    19.904762     0.000000
       420    1    1    1    0    0    95.000000    20.000000     0.000000
       421    1    1    1    0    0   100.000000     0.000000     0.000000
       422    0    0    1    0    0   100.000000     0.095238     0.000000
       423    0    0    1    0    0   100.000000     0.391534     0.000000
       424    0    0    1    0    0   100.000000     0.888889     0.000000
       425    0    0    1    0    0   100.000000     1.587302     0.000000
       426    0    0    1    0    0   100.000000     2.486772     0.000000
       427    0    0    1    0    0   100.000000     3.587302     0.000000
       428    0    0    1    0    0   100.000000     4.888889     0.000000
       429    0    0    1    0    0   100.000000     6.391534     0.000000
       430    0    0    1    0    0   100.000000     8.095238     0.000000
       431    0    0    1    0    0   100.000000    10.000000     0.000000
       432    0    0    1    0    0   100.000000    11.904762     0.000000
       433    0    0    1    0    0   100.000000    13.608466     0.000000
       434    0    0    1    0    0   100.000000    15.111111     0.000000
       435    0    0    1    0    0   100.000000    16.412698     0.000000
       436    0    0    1    0    0   100.000000    17.513228     0.000000
       437    0    0    1    0    0   100.000000    18.412698     0.000000
       438    0    0    1    0    0   100.000000    19.111111     0.000000
       439    0    0    1    0    0   100.000000    19.608466     0.000000
       440    0    0    1    0    0   100.000000    19.904762     0.000000
       441    1    1    1    0    0   100.000000    20.000000     0.000000
C /8/ ELEMENT GROUP DATA (4I5)
C NETIP,NET,INDAX,IZIP
    2       400    0
C /8-2/ DATA FOR 2/D ELEMENT
C a) Card with data about 2D element
C NMAT2D,MAT2D,NP2DMX,PENALT (4I5)
    1    1    41.000e+009
C b) Data for each element in group (11I5,F10.0)
C NN,   (NEL(NN,I),I=1,4)
    1    1   22   23    2
    2    2   23   24    3
    3    3   24   25    4
    4    4   25   26    5
    5    5   26   27    6
    6    6   27   28    7
    7    7   28   29    8
    8    8   29   30    9
    9    9   30   31   10
   10   10   31   32   11
   11   11   32   33   12
   12   12   33   34   13
   13   13   34   35   14
   14   14   35   36   15
   15   15   36   37   16
   16   16   37   38   17
   17   17   38   39   18
   18   18   39   40   19
   19   19   40   41   20
   20   20   41   42   21
   21   22   43   44   23
   22   23   44   45   24
   23   24   45   46   25
   24   25   46   47   26
   25   26   47   48   27
   26   27   48   49   28
   27   28   49   50   29
   28   29   50   51   30
   29   30   51   52   31
   30   31   52   53   32
   31   32   53   54   33
   32   33   54   55   34
   33   34   55   56   35
   34   35   56   57   36
   35   36   57   58   37
   36   37   58   59   38
   37   38   59   60   39
   38   39   60   61   40
   39   40   61   62   41
   40   41   62   63   42
   41   43   64   65   44
   42   44   65   66   45
   43   45   66   67   46
   44   46   67   68   47
   45   47   68   69   48
   46   48   69   70   49
   47   49   70   71   50
   48   50   71   72   51
   49   51   72   73   52
   50   52   73   74   53
   51   53   74   75   54
   52   54   75   76   55
   53   55   76   77   56
   54   56   77   78   57
   55   57   78   79   58
   56   58   79   80   59
   57   59   80   81   60
   58   60   81   82   61
   59   61   82   83   62
   60   62   83   84   63
   61   64   85   86   65
   62   65   86   87   66
   63   66   87   88   67
   64   67   88   89   68
   65   68   89   90   69
   66   69   90   91   70
   67   70   91   92   71
   68   71   92   93   72
   69   72   93   94   73
   70   73   94   95   74
   71   74   95   96   75
   72   75   96   97   76
   73   76   97   98   77
   74   77   98   99   78
   75   78   99  100   79
   76   79  100  101   80
   77   80  101  102   81
   78   81  102  103   82
   79   82  103  104   83
   80   83  104  105   84
   81   85  106  107   86
   82   86  107  108   87
   83   87  108  109   88
   84   88  109  110   89
   85   89  110  111   90
   86   90  111  112   91
   87   91  112  113   92
   88   92  113  114   93
   89   93  114  115   94
   90   94  115  116   95
   91   95  116  117   96
   92   96  117  118   97
   93   97  118  119   98
   94   98  119  120   99
   95   99  120  121  100
   96  100  121  122  101
   97  101  122  123  102
   98  102  123  124  103
   99  103  124  125  104
  100  104  125  126  105
  101  106  127  128  107
  102  107  128  129  108
  103  108  129  130  109
  104  109  130  131  110
  105  110  131  132  111
  106  111  132  133  112
  107  112  133  134  113
  108  113  134  135  114
  109  114  135  136  115
  110  115  136  137  116
  111  116  137  138  117
  112  117  138  139  118
  113  118  139  140  119
  114  119  140  141  120
  115  120  141  142  121
  116  121  142  143  122
  117  122  143  144  123
  118  123  144  145  124
  119  124  145  146  125
  120  125  146  147  126
  121  127  148  149  128
  122  128  149  150  129
  123  129  150  151  130
  124  130  151  152  131
  125  131  152  153  132
  126  132  153  154  133
  127  133  154  155  134
  128  134  155  156  135
  129  135  156  157  136
  130  136  157  158  137
  131  137  158  159  138
  132  138  159  160  139
  133  139  160  161  140
  134  140  161  162  141
  135  141  162  163  142
  136  142  163  164  143
  137  143  164  165  144
  138  144  165  166  145
  139  145  166  167  146
  140  146  167  168  147
  141  148  169  170  149
  142  149  170  171  150
  143  150  171  172  151
  144  151  172  173  152
  145  152  173  174  153
  146  153  174  175  154
  147  154  175  176  155
  148  155  176  177  156
  149  156  177  178  157
  150  157  178  179  158
  151  158  179  180  159
  152  159  180  181  160
  153  160  181  182  161
  154  161  182  183  162
  155  162  183  184  163
  156  163  184  185  164
  157  164  185  186  165
  158  165  186  187  166
  159  166  187  188  167
  160  167  188  189  168
  161  169  190  191  170
  162  170  191  192  171
  163  171  192  193  172
  164  172  193  194  173
  165  173  194  195  174
  166  174  195  196  175
  167  175  196  197  176
  168  176  197  198  177
  169  177  198  199  178
  170  178  199  200  179
  171  179  200  201  180
  172  180  201  202  181
  173  181  202  203  182
  174  182  203  204  183
  175  183  204  205  184
  176  184  205  206  185
  177  185  206  207  186
  178  186  207  208  187
  179  187  208  209  188
  180  188  209  210  189
  181  190  211  212  191
  182  191  212  213  192
  183  192  213  214  193
  184  193  214  215  194
  185  194  215  216  195
  186  195  216  217  196
  187  196  217  218  197
  188  197  218  219  198
  189  198  219  220  199
  190  199  220  221  200
  191  200  221  222  201
  192  201  222  223  202
  193  202  223  224  203
  194  203  224  225  204
  195  204  225  226  205
  196  205  226  227  206
  197  206  227  228  207
  198  207  228  229  208
  199  208  229  230  209
  200  209  230  231  210
  201  211  232  233  212
  202  212  233  234  213
  203  213  234  235  214
  204  214  235  236  215
  205  215  236  237  216
  206  216  237  238  217
  207  217  238  239  218
  208  218  239  240  219
  209  219  240  241  220
  210  220  241  242  221
  211  221  242  243  222
  212  222  243  244  223
  213  223  244  245  224
  214  224  245  246  225
  215  225  246  247  226
  216  226  247  248  227
  217  227  248  249  228
  218  228  249  250  229
  219  229  250  251  230
  220  230  251  252  231
  221  232  253  254  233
  222  233  254  255  234
  223  234  255  256  235
  224  235  256  257  236
  225  236  257  258  237
  226  237  258  259  238
  227  238  259  260  239
  228  239  260  261  240
  229  240  261  262  241
  230  241  262  263  242
  231  242  263  264  243
  232  243  264  265  244
  233  244  265  266  245
  234  245  266  267  246
  235  246  267  268  247
  236  247  268  269  248
  237  248  269  270  249
  238  249  270  271  250
  239  250  271  272  251
  240  251  272  273  252
  241  253  274  275  254
  242  254  275  276  255
  243  255  276  277  256
  244  256  277  278  257
  245  257  278  279  258
  246  258  279  280  259
  247  259  280  281  260
  248  260  281  282  261
  249  261  282  283  262
  250  262  283  284  263
  251  263  284  285  264
  252  264  285  286  265
  253  265  286  287  266
  254  266  287  288  267
  255  267  288  289  268
  256  268  289  290  269
  257  269  290  291  270
  258  270  291  292  271
  259  271  292  293  272
  260  272  293  294  273
  261  274  295  296  275
  262  275  296  297  276
  263  276  297  298  277
  264  277  298  299  278
  265  278  299  300  279
  266  279  300  301  280
  267  280  301  302  281
  268  281  302  303  282
  269  282  303  304  283
  270  283  304  305  284
  271  284  305  306  285
  272  285  306  307  286
  273  286  307  308  287
  274  287  308  309  288
  275  288  309  310  289
  276  289  310  311  290
  277  290  311  312  291
  278  291  312  313  292
  279  292  313  314  293
  280  293  314  315  294
  281  295  316  317  296
  282  296  317  318  297
  283  297  318  319  298
  284  298  319  320  299
  285  299  320  321  300
  286  300  321  322  301
  287  301  322  323  302
  288  302  323  324  303
  289  303  324  325  304
  290  304  325  326  305
  291  305  326  327  306
  292  306  327  328  307
  293  307  328  329  308
  294  308  329  330  309
  295  309  330  331  310
  296  310  331  332  311
  297  311  332  333  312
  298  312  333  334  313
  299  313  334  335  314
  300  314  335  336  315
  301  316  337  338  317
  302  317  338  339  318
  303  318  339  340  319
  304  319  340  341  320
  305  320  341  342  321
  306  321  342  343  322
  307  322  343  344  323
  308  323  344  345  324
  309  324  345  346  325
  310  325  346  347  326
  311  326  347  348  327
  312  327  348  349  328
  313  328  349  350  329
  314  329  350  351  330
  315  330  351  352  331
  316  331  352  353  332
  317  332  353  354  333
  318  333  354  355  334
  319  334  355  356  335
  320  335  356  357  336
  321  337  358  359  338
  322  338  359  360  339
  323  339  360  361  340
  324  340  361  362  341
  325  341  362  363  342
  326  342  363  364  343
  327  343  364  365  344
  328  344  365  366  345
  329  345  366  367  346
  330  346  367  368  347
  331  347  368  369  348
  332  348  369  370  349
  333  349  370  371  350
  334  350  371  372  351
  335  351  372  373  352
  336  352  373  374  353
  337  353  374  375  354
  338  354  375  376  355
  339  355  376  377  356
  340  356  377  378  357
  341  358  379  380  359
  342  359  380  381  360
  343  360  381  382  361
  344  361  382  383  362
  345  362  383  384  363
  346  363  384  385  364
  347  364  385  386  365
  348  365  386  387  366
  349  366  387  388  367
  350  367  388  389  368
  351  368  389  390  369
  352  369  390  391  370
  353  370  391  392  371
  354  371  392  393  372
  355  372  393  394  373
  356  373  394  395  374
  357  374  395  396  375
  358  375  396  397  376
  359  376  397  398  377
  360  377  398  399  378
  361  379  400  401  380
  362  380  401  402  381
  363  381  402  403  382
  364  382  403  404  383
  365  383  404  405  384
  366  384  405  406  385
  367  385  406  407  386
  368  386  407  408  387
  369  387  408  409  388
  370  388  409  410  389
  371  389  410  411  390
  372  390  411  412  391
  373  391  412  413  392
  374  392  413  414  393
  375  393  414  415  394
  376  394  415  416  395
  377  395  416  417  396
  378  396  417  418  397
  379  397  418  419  398
  380  398  419  420  399
  381  400  421  422  401
  382  401  422  423  402
  383  402  423  424  403
  384  403  424  425  404
  385  404  425  426  405
  386  405  426  427  406
  387  406  427  428  407
  388  407  428  429  408
  389  408  429  430  409
  390  409  430  431  410
  391  410  431  432  411
  392  411  432  433  412
  393  412  433  434  413
  394  413  434  435  414
  395  414  435  436  415
  396  415  436  437  416
  397  416  437  438  417
  398  417  438  439  418
  399  418  439  440  419
  400  419  440  441  420
C /9/ DATA FOR MATERIAL CONSTANTS
C /9-1/ DATA ABOUT FLUID DENSITY, INDICATOR FOR NON-NEWTONIAN FLUID (F10.2,I5) 
C DENSIT, INDAMI
        1.    0
C /9-2/ DATA ABOUT CONDUCTION COEFFICIENT (F10.2)
C  CONDUC
C       1. 
C /9-3/ SPECIFIC HEAT AT CONSTANT PRESSURE (F10.2)
C   SPECH
C       1.   
C /9-4/ GRAVITY ACCELERATION IN X, Y AND Z DIRECTIONS, DYNAMIC VISCOSITY, 
C THERMAL EXPANSION, REFERENCE TEMPERATURE (6D10.5)
C      GX,       GY,       GZ,      AMI,     BETA,     TETA0   
        0.        0.        0.     1.0
C /10/ DATA FOR PRESCRIBED VALUES (2I5)
C NUMZAD, NUMST
   19    0
C /10-1/ PRESCRIBED VALUES AT NODES (3I5,F10.3)
C NNODE, INDPR, ITIMF, VALUE
    2    1    1     0.5E0 
    3    1    1     0.5E0 
    4    1    1     0.5E0 
    5    1    1     0.5E0 
    6    1    1     0.5E0
    7    1    1     0.5E0
    8    1    1     0.5E0
    9    1    1     0.5E0
   10    1    1     0.5E0
   11    1    1     0.5E0
   12    1    1     0.5E0
   13    1    1     0.5E0
   14    1    1     0.5E0 
   15    1    1     0.5E0
   16    1    1     0.5E0     
   17    1    1     0.5E0
   18    1    1     0.5E0
   19    1    1     0.5E0  
   20    1    1     0.5E0 
C /11/ DATA ABOUT INITIAL VALUES (7F10.3)
C   UINIT,    VINIT,    WINIT,    PINIT,     TINIT,    KINIT,    OINIT
       0.0       0.0       0.0       0.0       0.0       0.6       0.7
C /12/ DATA FOR TIME FUNCTIONS (2I5)
C NTABFT,MAXTFT
    1   30
C /12-1/ TIME FUNCTIONS   (IBR=1,NTABFT)
C a) data about function in a table form (2I5)
C IBR,IMAX    (IMAX.LE.MAXTFT)
    1    2
C b) values for argument - function (2F10.0)
C ((FN(I,IBR,J),I=1,2),J=1,IMAX)
 0.00E+000 1.00E+000
 1.00E+003 1.00E+000
C /13/ DATA ABOUT BOUNDARY CONDITIONS - SURFACE TRACTIONS
C  El.  n1   n2  fx,fy 
C /14/ STOP CARD (A4)
STOP