C /1/ HEADING CARD (80A1)
C NASLOV
  Untitled
C /2/ FORMAT FOR INPUT DATA (free format)
C INDFOR
    2
C /3/ BASIC DATA FOR THE PROBLEM (9I5)
C NP,NGET,NMATM,NSTAC,NPER,NPRINT,INDF,IPENAL,IALE,ITURB
        66    0    1    0    1    1    1    1    0    0    1              
C /4/ BASIC DATA FOR THE PROBLEM (4I5,2F10.0,2I5)
C INTEB,INDSC,IFORM,MAXIT,EPSTA,EPSTR,NJRAP,MBAND
    1    0    0   10 0.00e+0008.000e-001    1    0    0    0    1
C /5/ DATA FOR RESTART (I5)
C IREST
    1
C /6/ DATA FOR TIME STEPS
C NDT(I),TIME(I)
   10  0.001
C /7/ DATA FOR NODAL POINT DATA (I5,5I5,3F10.6)
C   N,    (ID(N,I),I=1,5)     CORD(1,N), CORD(2,N), CORD(3,N)
         1    1    1    1    0    0    1    1     0.000000     0.000000     0.000000
         2    1    0    1    0    0    0    0     0.000000     4.000000     0.000000
         3    1    0    1    0    0    0    0     0.000000     8.000000     0.000000
         4    1    0    1    0    0    0    0     0.000000    12.000000     0.000000
         5    1    0    1    0    0    0    0     0.000000    16.000000     0.000000
         6    1    1    1    0    0    1    1     0.000000    20.000000     0.000000
         7    1    1    1    0    0    1    1    10.000000     0.000000     0.000000
         8    0    0    1    0    0    0    0    10.000001     4.000000     0.000000
         9    0    0    1    0    0    0    0    10.000001     8.000000     0.000000
        10    0    0    1    0    0    0    0    10.000001    12.000000     0.000000
        11    0    0    1    0    0    0    0    10.000002    16.000000     0.000000
        12    1    1    1    0    0    1    1    10.000002    20.000000     0.000000
        13    1    1    1    0    0    1    1    19.999999    20.000000     0.000000
        14    0    0    1    0    0    0    0    19.999999    16.000000     0.000000
        15    0    0    1    0    0    0    0    19.999999    12.000000     0.000000
        16    0    0    1    0    0    0    0    20.000000     8.000000     0.000000
        17    0    0    1    0    0    0    0    20.000000     4.000000     0.000000
        18    1    1    1    0    0    1    1    20.000000     0.000000     0.000000
        19    1    1    1    0    0    1    1    30.000001     0.000000     0.000000
        20    0    0    1    0    0    0    0    30.000001     4.000000     0.000000
        21    0    0    1    0    0    0    0    30.000001     8.000000     0.000000
        22    0    0    1    0    0    0    0    30.000001    12.000000     0.000000
        23    0    0    1    0    0    0    0    30.000001    16.000000     0.000000
        24    1    1    1    0    0    1    1    30.000001    20.000000     0.000000
        25    1    1    1    0    0    1    1    39.999998    20.000000     0.000000
        26    0    0    1    0    0    0    0    39.999998    16.000000     0.000000
        27    0    0    1    0    0    0    0    39.999999    12.000000     0.000000
        28    0    0    1    0    0    0    0    39.999999     8.000000     0.000000
        29    0    0    1    0    0    0    0    40.000000     4.000000     0.000000
        30    1    1    1    0    0    1    1    40.000001     0.000000     0.000000
        31    1    1    1    0    0    1    1    50.000000     0.000000     0.000000
        32    0    0    1    0    0    0    0    50.000000     4.000000     0.000000
        33    0    0    1    0    0    0    0    50.000000     8.000000     0.000000
        34    0    0    1    0    0    0    0    50.000000    12.000000     0.000000
        35    0    0    1    0    0    0    0    50.000000    16.000000     0.000000
        36    1    1    1    0    0    1    1    50.000000    20.000000     0.000000
        37    1    1    1    0    0    1    1    59.999999    20.000000     0.000000
        38    0    0    1    0    0    0    0    60.000000    16.000000     0.000000
        39    0    0    1    0    0    0    0    60.000001    12.000000     0.000000
        40    0    0    1    0    0    0    0    60.000001     8.000000     0.000000
        41    0    0    1    0    0    0    0    60.000002     4.000000     0.000000
        42    1    1    1    0    0    1    1    60.000002     0.000000     0.000000
        43    1    1    1    0    0    1    1    69.999999     0.000000     0.000000
        44    0    0    1    0    0    0    0    69.999999     4.000000     0.000000
        45    0    0    1    0    0    0    0    69.999999     8.000000     0.000000
        46    0    0    1    0    0    0    0    69.999999    12.000000     0.000000
        47    0    0    1    0    0    0    0    69.999999    16.000000     0.000000
        48    1    1    1    0    0    1    1    69.999999    20.000000     0.000000
        49    1    1    1    0    0    1    1    80.000000    20.000000     0.000000
        50    0    0    1    0    0    0    0    80.000000    16.000000     0.000000
        51    0    0    1    0    0    0    0    80.000000    12.000000     0.000000
        52    0    0    1    0    0    0    0    80.000001     8.000000     0.000000
        53    0    0    1    0    0    0    0    80.000001     4.000000     0.000000
        54    1    1    1    0    0    1    1    80.000001     0.000000     0.000000
        55    1    1    1    0    0    1    1    89.999998     0.000000     0.000000
        56    0    0    1    0    0    0    0    89.999998     4.000000     0.000000
        57    0    0    1    0    0    0    0    89.999999     8.000000     0.000000
        58    0    0    1    0    0    0    0    89.999999    12.000000     0.000000
        59    0    0    1    0    0    0    0    89.999999    16.000000     0.000000
        60    1    1    1    0    0    1    1    90.000000    20.000000     0.000000
        61    1    1    1    0    0    1    1   100.000000     0.000000     0.000000
        62    0    0    1    0    0    0    0   100.000000     4.000000     0.000000
        63    0    0    1    0    0    0    0   100.000000     8.000000     0.000000
        64    0    0    1    0    0    0    0   100.000000    12.000000     0.000000
        65    0    0    1    0    0    0    0   100.000000    16.000000     0.000000
        66    1    1    1    0    0    1    1   100.000000    20.000000     0.000000
C /8/ ELEMENT GROUP DATA (4I5)
C NETIP,NET,INDAX,IZIP
    2        50    0
C /8-2/ DATA FOR 2/D ELEMENT
C a) Card with data about 2D element
C NMAT2D,MAT2D,NP2DMX,PENALT (4I5)
    1    1    41.000e+009
C b) Data for each element in group (11I5,F10.0)
C NN,   (NEL(NN,I),I=1,4)
C c) Midnodes for 2D 9-node element (5I5)
C (NEL(NN,I),I=5,9)
    1    1    7    8    2
    2    2    8    9    3
    3    3    9   10    4
    4    4   10   11    5
    5    5   11   12    6
    6    7   18   17    8
    7    8   17   16    9
    8    9   16   15   10
    9   10   15   14   11
   10   11   14   13   12
   11   18   19   20   17
   12   17   20   21   16
   13   16   21   22   15
   14   15   22   23   14
   15   14   23   24   13
   16   19   30   29   20
   17   20   29   28   21
   18   21   28   27   22
   19   22   27   26   23
   20   23   26   25   24
   21   30   31   32   29
   22   29   32   33   28
   23   28   33   34   27
   24   27   34   35   26
   25   26   35   36   25
   26   31   42   41   32
   27   32   41   40   33
   28   33   40   39   34
   29   34   39   38   35
   30   35   38   37   36
   31   42   43   44   41
   32   41   44   45   40
   33   40   45   46   39
   34   39   46   47   38
   35   38   47   48   37
   36   43   54   53   44
   37   44   53   52   45
   38   45   52   51   46
   39   46   51   50   47
   40   47   50   49   48
   41   54   55   56   53
   42   53   56   57   52
   43   52   57   58   51
   44   51   58   59   50
   45   50   59   60   49
   46   55   61   62   56
   47   56   62   63   57
   48   57   63   64   58
   49   58   64   65   59
   50   59   65   66   60
C /9/ DATA FOR MATERIAL CONSTANTS
C /9-1/ DATA ABOUT FLUID DENSITY, INDICATOR FOR NON-NEWTONIAN FLUID (F10.2,I5) 
C DENSIT, INDAMI
       1.0    0
C /9-4/ GRAVITY ACCELERATION IN X, Y AND Z DIRECTIONS, DYNAMIC VISCOSITY, 
C THERMAL EXPANSION, REFERENCE TEMPERATURE (6D10.5)
C      GX,       GY,       GZ,      AMI,     BETA,     TETA0   
        0.        0.        0.     1.0
C /10/ DATA FOR PRESCRIBED VALUES (2I5)
C NUMZAD, NUMST
    4    0
C /10-1/ PRESCRIBED VALUES AT NODES (3I5,F10.3)
C NNODE, INDPR, ITIMF, VALUE
    2    1    1  2000.0
    3    1    1  2000.0
    4    1    1  2000.0
    5    1    1  2000.0
C /11/ DATA ABOUT INITIAL VALUES (5F10.3)
C   UINIT,    VINIT,    WINIT,    PINIT,     TINIT,    KINIT,    OINIT    DELTAL
       0.0       0.0       0.0       0.0       0.0 12.69E+03  5.36E+02   0.25E+0
C /12/ DATA FOR TIME FUNCTIONS (2I5)
C NTABFT,MAXTFT
    1   30
C /14-1/ TIME FUNCTIONS   (IBR=1,NTABFT)
C a) data about function in a table form (2I5)
C IBR,IMAX    (IMAX.LE.MAXTFT)
    1    2
C b) values for argument - function (2F10.0)
C ((FN(I,IBR,J),I=1,2),J=1,IMAX)
 0.00E+000 1.00E+000
 1.00E+003 1.00E+000
C /13/ DATA ABOUT BOUNDARY CONDITIONS - SURFACE TRACTIONS
C  El.  n1   n2  fx,fy 
C /14/ STOP CARD (A4)
STOP